conpnewl(@q2b_1,@fdJacobian,[201.0316;253.2789;0],@continuation,@newtonSysL)
   t       |f(x)|
 0.00   976.095104
 0.03   943.553125
 0.07   911.011162
 0.10   878.469217
 0.13   845.927289
 0.17   813.385371
 0.20   780.843466
 0.23   748.301576
 0.27   715.759705
 0.30   683.217848
 0.33   650.676005
 0.37   618.134174
 0.40   585.592362
 0.43   553.050565
 0.47   520.508781
 0.50   487.967013
 0.53   455.425260
 0.57   422.883520
 0.60   390.341798
 0.63   357.800089
 0.67   325.258395
 0.70   292.716719
 0.73   260.175059
 0.77   227.633415
 0.80   195.091790
 0.83   162.550187
 0.87   130.008614
 0.90    97.467086
 0.93    64.925651
 0.97    32.384544
 1.00     0.292843

init_p =

  199.9757
  253.1250
    3.1264


 it    |f(x)|
 0     0.292843
     alpha    |f(x)|
     1.0000     0.000002
 1     0.000002
     alpha    |f(x)|
     1.0000     0.000000
 2     0.000000
 SUCCESS: Converged

ans =

  199.9756
  253.1250
    3.1250

diary off
