conpnewl(@q2b_2,@fdJacobian,[201.0316;253.2789;0],@continuation,@newtonSysL)
   t       |f(x)|
 0.00   358.274081
 0.03   346.331062
 0.07   334.388042
 0.10   322.445019
 0.13   310.501998
 0.17   298.558978
 0.20   286.615956
 0.23   274.672937
 0.27   262.729916
 0.30   250.786898
 0.33   238.843880
 0.37   226.900861
 0.40   214.957840
 0.43   203.014820
 0.47   191.071799
 0.50   179.128779
 0.53   167.185759
 0.57   155.242736
 0.60   143.299712
 0.63   131.356692
 0.67   119.413672
 0.70   107.470646
 0.73    95.527628
 0.77    83.584606
 0.80    71.641587
 0.83    59.698567
 0.87    47.755546
 0.90    35.812525
 0.93    23.869505
 0.97    11.926491
 1.00     0.023922

init_p =

  200.7137
  253.8750
    0.8775


 it    |f(x)|
 0     0.023922
     alpha    |f(x)|
     1.0000     0.000000
 1     0.000000
 SUCCESS: Converged

ans =

  200.7137
  253.8750
    0.8775

diary off
