conpnewl(@q2b_3,@fdJacobian,[201.0316;253.2789;0],@continuation,@newtonSysL)
   t       |f(x)|
 0.00   274.143177
 0.03   265.004945
 0.07   255.866713
 0.10   246.728481
 0.13   237.590250
 0.17   228.452017
 0.20   219.313785
 0.23   210.175552
 0.27   201.037318
 0.30   191.899086
 0.33   182.760855
 0.37   173.622622
 0.40   164.484390
 0.43   155.346157
 0.47   146.207926
 0.50   137.069695
 0.53   127.931464
 0.57   118.793231
 0.60   109.655000
 0.63   100.516768
 0.67    91.378536
 0.70    82.240304
 0.73    73.102072
 0.77    63.963840
 0.80    54.825610
 0.83    45.687377
 0.87    36.549146
 0.90    27.410914
 0.93    18.272682
 0.97     9.134451
 1.00     0.004433

init_p =

  201.2004
  253.4986
   -0.0044


 it    |f(x)|
 0     0.004433
     alpha    |f(x)|
     1.0000     0.000000
 1     0.000000
 SUCCESS: Converged

ans =

  201.2004
  253.4986
   -0.0044

diary off
