clear all
q3
   t       |f(x)|
 0.00     1.596292
 0.03     1.548111
 0.07     1.500060
 0.10     1.452148
 0.13     1.404380
 0.17     1.356766
 0.20     1.309315
 0.23     1.262038
 0.27     1.214945
 0.30     1.168052
 0.33     1.121374
 0.37     1.074930
 0.40     1.028741
 0.43     0.982833
 0.47     0.937236
 0.50     0.891985
 0.53     0.847125
 0.57     0.802707
 0.60     0.758796
 0.63     0.715470
 0.67     0.672829
 0.70     0.630994
 0.73     0.590121
 0.77     0.550408
 0.80     0.512106
 0.83     0.475538
 0.87     0.441117
 0.90     0.409365
 0.93     0.380931
 0.97     0.356589
 1.00     0.337208
 x     |f(x)|
 0     0.337208
 1     0.034869
 2     0.012595
 3     0.004078
 4     0.001468
 5     0.000518
 6     0.000184
 7     0.000065
 SUCCESS: Converged
diary off
